<?xml version="1.0" encoding="utf-8"?>
<COLLADA xmlns="http://www.collada.org/2005/11/COLLADASchema" version="1.4.1">
  <asset>
    <contributor>
      <author>eduardo</author>
      <authoring_tool>OpenCOLLADA for 3ds Max;  Version: 1.4.1;  Revision: exported;  Platform: x64;  Configuration: Release_Max2013_static</authoring_tool>
    </contributor>
    <created>2014-01-16T16:41:48</created>
    <modified>2014-01-16T16:41:48</modified>
    <unit name="centimeter" meter="0.01"/>
    <up_axis>Z_UP</up_axis>
  </asset>
  <library_lights>
    <light id="EnvironmentAmbientLight" name="EnvironmentAmbientLight">
      <technique_common>
        <ambient>
          <color>0 0 0</color>
        </ambient>
      </technique_common>
    </light>
  </library_lights>
  <library_visual_scenes>
    <visual_scene id="MaxScene">
      <node name="EnvironmentAmbientLight">
        <instance_light url="#EnvironmentAmbientLight"/>
      </node>
      <node id="node-Character1_Reference" name="Character1_Reference">
        <matrix>1 0 0 0 0 -4.37114e-8 -1 0 0 1 -4.37114e-8 0 0 0 0 1</matrix>
        <node id="node-Character1_Hips" name="Character1_Hips">
          <matrix sid="matrix">0.7741276 0.6318947 0.0378807 0.02521496 -0.5606234 0.7121449 -0.4225525 48.33461 -0.2939853 0.3058729 0.9055462 -9.997997 0 0 0 1</matrix>
          <node id="node-Character1_LeftUpLeg" name="Character1_LeftUpLeg">
            <matrix sid="matrix">-0.2102746 0.2137596 0.9539871 10.59648 0.8640296 -0.4159314 0.283644 3.315338 0.4574248 0.8839164 -0.09723473 2.055822 0 0 0 1</matrix>
            <node id="node-Character1_LeftLeg" name="Character1_LeftLeg">
              <matrix sid="matrix">-0.9774229 -0.2106648 -0.01628006 -21.53284 -0.1365055 0.6883964 -0.712374 1.421978 0.1612793 -0.6940681 -0.7016114 5.8662 0 0 0 1</matrix>
              <node id="node-Character1_LeftFoot" name="Character1_LeftFoot">
                <matrix sid="matrix">-0.4078527 0.4255002 -0.8078401 18.36881 0.6223629 -0.5178273 -0.5869576 -4.717686 -0.6680721 -0.7421621 -0.05361831 1.383057 0 0 0 1</matrix>
                <node id="node-Character1_LeftToeBase" name="Character1_LeftToeBase">
                  <matrix sid="matrix">0.8043215 0.4261184 -0.4141136 2.38134 0.5813455 -0.4201855 0.6967651 4.389835 0.1228999 -0.8011664 -0.5856861 -9.22844 0 0 0 1</matrix>
                  <node id="node-Character1_LeftFootMiddle1" name="Character1_LeftFootMiddle1">
                    <matrix>0.5052077 -0.08569846 -0.8587322 4.197178 0.7530736 -0.4421982 0.4871765 3.756982 -0.4214803 -0.8928136 -0.1588646 1.405384 0 0 0 1</matrix>
                    <node id="node-Character1_LeftFootMiddle2" name="Character1_LeftFootMiddle2">
                      <matrix>0.8542727 -0.3808313 -0.3538162 2.876385 0.5185829 0.6713843 0.529448 -2.160442 0.03591621 -0.6357759 0.7710378 -1.31355 0 0 0 1</matrix>
                      <extra>
                        <technique profile="OpenCOLLADA">
                          <cast_shadows>1</cast_shadows>
                          <primary_visibility>1</primary_visibility>
                          <receive_shadows>1</receive_shadows>
                          <secondary_visibility>1</secondary_visibility>
                        </technique>
                      </extra>
                    </node>
                    <extra>
                      <technique profile="OpenCOLLADA">
                        <cast_shadows>1</cast_shadows>
                        <primary_visibility>1</primary_visibility>
                        <receive_shadows>1</receive_shadows>
                        <secondary_visibility>1</secondary_visibility>
                      </technique>
                    </extra>
                  </node>
                  <extra>
                    <technique profile="OpenCOLLADA">
                      <cast_shadows>1</cast_shadows>
                      <primary_visibility>1</primary_visibility>
                      <receive_shadows>1</receive_shadows>
                      <secondary_visibility>1</secondary_visibility>
                    </technique>
                  </extra>
                </node>
                <extra>
                  <technique profile="OpenCOLLADA">
                    <cast_shadows>1</cast_shadows>
                    <primary_visibility>1</primary_visibility>
                    <receive_shadows>1</receive_shadows>
                    <secondary_visibility>1</secondary_visibility>
                  </technique>
                </extra>
              </node>
              <extra>
                <technique profile="OpenCOLLADA">
                  <cast_shadows>1</cast_shadows>
                  <primary_visibility>1</primary_visibility>
                  <receive_shadows>1</receive_shadows>
                  <secondary_visibility>1</secondary_visibility>
                </technique>
              </extra>
            </node>
            <extra>
              <technique profile="OpenCOLLADA">
                <cast_shadows>1</cast_shadows>
                <primary_visibility>1</primary_visibility>
                <receive_shadows>1</receive_shadows>
                <secondary_visibility>1</secondary_visibility>
              </technique>
            </extra>
          </node>
          <node id="node-Character1_RightUpLeg" name="Character1_RightUpLeg">
            <matrix sid="matrix">-0.6865734 -0.1196409 -0.7171493 -9.464951 -0.7153885 0.287199 0.6369743 -5.110027 0.1297564 0.95037 -0.2827729 3.435944 0 0 0 1</matrix>
            <node id="node-Character1_RightLeg" name="Character1_RightLeg">
              <matrix sid="matrix">-0.2514349 -0.9644991 -0.08075935 2.310894 0.6138389 -0.2234196 0.7571564 22.18158 -0.7483196 0.1408023 0.6482227 -1.653614 0 0 0 1</matrix>
              <node id="node-Character1_RightFoot" name="Character1_RightFoot">
                <matrix sid="matrix">-0.6051127 -0.4642393 0.6467768 10.66814 0.7688599 -0.129918 0.6260794 1.366091 -0.2066228 0.8761292 0.43555 -15.68143 0 0 0 1</matrix>
                <node id="node-Character1_RightToeBase" name="Character1_RightToeBase">
                  <matrix sid="matrix">0.3371745 -0.8792099 0.336607 -8.103177 -0.9350522 -0.2711606 0.2283635 -4.750931 -0.1095048 -0.3917434 -0.9135351 4.676835 0 0 0 1</matrix>
                  <node id="node-Character1_RightFootMiddle1" name="Character1_RightFootMiddle1">
                    <matrix>-0.3516935 -0.6548339 0.6689573 -0.3179035 -0.4636034 0.7426594 0.4832478 3.693727 -0.8132546 -0.1401758 -0.5647718 -4.467852 0 0 0 1</matrix>
                    <node id="node-Character1_RightFootMiddle2" name="Character1_RightFootMiddle2">
                      <matrix>0.9752086 -0.06614621 -0.21117 1.344905 0.1195544 -0.645529 0.7543203 2.357921 -0.1862118 -0.760866 -0.6216175 2.701477 0 0 0 1</matrix>
                      <extra>
                        <technique profile="OpenCOLLADA">
                          <cast_shadows>1</cast_shadows>
                          <primary_visibility>1</primary_visibility>
                          <receive_shadows>1</receive_shadows>
                          <secondary_visibility>1</secondary_visibility>
                        </technique>
                      </extra>
                    </node>
                    <extra>
                      <technique profile="OpenCOLLADA">
                        <cast_shadows>1</cast_shadows>
                        <primary_visibility>1</primary_visibility>
                        <receive_shadows>1</receive_shadows>
                        <secondary_visibility>1</secondary_visibility>
                      </technique>
                    </extra>
                  </node>
                  <extra>
                    <technique profile="OpenCOLLADA">
                      <cast_shadows>1</cast_shadows>
                      <primary_visibility>1</primary_visibility>
                      <receive_shadows>1</receive_shadows>
                      <secondary_visibility>1</secondary_visibility>
                    </technique>
                  </extra>
                </node>
                <extra>
                  <technique profile="OpenCOLLADA">
                    <cast_shadows>1</cast_shadows>
                    <primary_visibility>1</primary_visibility>
                    <receive_shadows>1</receive_shadows>
                    <secondary_visibility>1</secondary_visibility>
                  </technique>
                </extra>
              </node>
              <extra>
                <technique profile="OpenCOLLADA">
                  <cast_shadows>1</cast_shadows>
                  <primary_visibility>1</primary_visibility>
                  <receive_shadows>1</receive_shadows>
                  <secondary_visibility>1</secondary_visibility>
                </technique>
              </extra>
            </node>
            <extra>
              <technique profile="OpenCOLLADA">
                <cast_shadows>1</cast_shadows>
                <primary_visibility>1</primary_visibility>
                <receive_shadows>1</receive_shadows>
                <secondary_visibility>1</secondary_visibility>
              </technique>
            </extra>
          </node>
          <node id="node-Character1_Spine" name="Character1_Spine">
            <matrix sid="matrix">-0.765426 0.6421379 -0.04221965 -5.917456 -0.6403567 -0.7535156 0.148856 13.89433 0.06377291 0.1409739 0.9879572 -1.193892 0 0 0 1</matrix>
            <node id="node-Character1_Spine1" name="Character1_Spine1">
              <matrix sid="matrix">0.9439558 0.2297372 -0.2369983 -1.251564 -0.2542393 0.963976 -0.07818422 -15.81807 0.2104988 0.1340568 0.9683589 4.571674 0 0 0 1</matrix>
              <node id="node-Character1_LeftShoulder" name="Character1_LeftShoulder">
                <matrix sid="matrix">0.1567216 0.8109877 -0.5636816 0.4913473 0.1128843 -0.5817024 -0.8055305 -8.202812 -0.9811707 0.06261317 -0.1827132 10.91043 0 0 0 1</matrix>
                <node id="node-Character1_LeftArm" name="Character1_LeftArm">
                  <matrix sid="matrix">-0.2024076 0.6175237 -0.7600629 -10.39077 -0.435839 0.6382234 0.6345984 -5.880524 0.8769691 0.4597131 0.1399596 2.811626 0 0 0 1</matrix>
                  <node id="node-Character1_LeftForeArm" name="Character1_LeftForeArm">
                    <matrix sid="matrix">0.6913925 0.6441549 -0.3271712 8.938717 -0.7147799 0.6758056 -0.1799355 -14.27302 0.1051978 0.3582613 0.9276758 -8.747078 0 0 0 1</matrix>
                    <node id="node-Character1_LeftHand" name="Character1_LeftHand">
                      <matrix sid="matrix">-0.8466182 0.2842876 -0.4499095 -0.9512539 0.4817216 0.7687089 -0.4207508 -11.29952 0.2262352 -0.5729462 -0.7877504 12.8721 0 0 0 1</matrix>
                      <node id="node-Character1_LeftHandThumb1" name="Character1_LeftHandThumb1">
                        <matrix>0.02625619 0.6832489 -0.7297133 6.104176 -0.4745947 -0.6339341 -0.6106451 -6.749104 -0.8798127 0.3623513 0.3076217 -2.727646 0 0 0 1</matrix>
                        <node id="node-Character1_LeftHandThumb2" name="Character1_LeftHandThumb2">
                          <matrix>0.5366659 -0.8400549 -0.07935821 -3.359489 0.7276782 0.508375 -0.4604773 3.819324 0.4271699 0.1893752 0.8841171 3.328655 0 0 0 1</matrix>
                          <node id="node-Character1_LeftHandThumb3" name="Character1_LeftHandThumb3">
                            <matrix>0.4830688 0.6298074 -0.6082655 1.17334 0.7557597 0.05086409 0.6528705 -0.3482399 0.4421217 -0.7750839 -0.4514123 4.468082 0 0 0 1</matrix>
                            <extra>
                              <technique profile="OpenCOLLADA">
                                <cast_shadows>1</cast_shadows>
                                <primary_visibility>1</primary_visibility>
                                <receive_shadows>1</receive_shadows>
                                <secondary_visibility>1</secondary_visibility>
                              </technique>
                            </extra>
                          </node>
                          <extra>
                            <technique profile="OpenCOLLADA">
                              <cast_shadows>1</cast_shadows>
                              <primary_visibility>1</primary_visibility>
                              <receive_shadows>1</receive_shadows>
                              <secondary_visibility>1</secondary_visibility>
                            </technique>
                          </extra>
                        </node>
                        <extra>
                          <technique profile="OpenCOLLADA">
                            <cast_shadows>1</cast_shadows>
                            <primary_visibility>1</primary_visibility>
                            <receive_shadows>1</receive_shadows>
                            <secondary_visibility>1</secondary_visibility>
                          </technique>
                        </extra>
                      </node>
                      <node id="node-Character1_LeftHandIndex1" name="Character1_LeftHandIndex1">
                        <matrix>0.4742751 0.7179238 -0.5095575 3.433672 -0.1336277 -0.5133846 -0.8476911 -9.658257 -0.8701764 0.4701297 -0.147551 -5.338188 0 0 0 1</matrix>
                        <node id="node-Character1_LeftHandIndex2" name="Character1_LeftHandIndex2">
                          <matrix>-0.1343523 0.2229958 0.9655169 -5.584656 0.6367787 0.7659742 -0.08830126 3.700153 -0.7592515 0.602957 -0.2449092 0.3599319 0 0 0 1</matrix>
                          <node id="node-Character1_LeftHandIndex3" name="Character1_LeftHandIndex3">
                            <matrix>-0.43639 -0.8560852 0.2769148 3.231503 -0.2228576 -0.1953346 -0.9550806 -5.162518 0.8717214 -0.4785002 -0.1055431 1.733154 0 0 0 1</matrix>
                            <extra>
                              <technique profile="OpenCOLLADA">
                                <cast_shadows>1</cast_shadows>
                                <primary_visibility>1</primary_visibility>
                                <receive_shadows>1</receive_shadows>
                                <secondary_visibility>1</secondary_visibility>
                              </technique>
                            </extra>
                          </node>
                          <extra>
                            <technique profile="OpenCOLLADA">
                              <cast_shadows>1</cast_shadows>
                              <primary_visibility>1</primary_visibility>
                              <receive_shadows>1</receive_shadows>
                              <secondary_visibility>1</secondary_visibility>
                            </technique>
                          </extra>
                        </node>
                        <extra>
                          <technique profile="OpenCOLLADA">
                            <cast_shadows>1</cast_shadows>
                            <primary_visibility>1</primary_visibility>
                            <receive_shadows>1</receive_shadows>
                            <secondary_visibility>1</secondary_visibility>
                          </technique>
                        </extra>
                      </node>
                      <node id="node-Character1_LeftHandRing1" name="Character1_LeftHandRing1">
                        <matrix>-0.2877082 0.8053071 0.5183671 -3.358622 -0.08695573 -0.560982 0.8232484 -8.470648 0.9537622 0.1917804 0.2314253 -1.801422 0 0 0 1</matrix>
                        <node id="node-Character1_LeftHandRing2" name="Character1_LeftHandRing2">
                          <matrix>0.707239 0.6626709 -0.2463354 4.736031 0.3670031 -0.6419415 -0.6732168 2.817218 -0.604254 0.3857192 -0.6972078 0.8139057 0 0 0 1</matrix>
                          <node id="node-Character1_LeftHandRing3" name="Character1_LeftHandRing3">
                            <matrix>0.5030926 0.8050169 0.3143958 -4.466007 -0.8520057 0.5229678 0.0242997 2.926254 -0.1448572 -0.280092 0.9489807 -2.018024 0 0 0 1</matrix>
                            <extra>
                              <technique profile="OpenCOLLADA">
                                <cast_shadows>1</cast_shadows>
                                <primary_visibility>1</primary_visibility>
                                <receive_shadows>1</receive_shadows>
                                <secondary_visibility>1</secondary_visibility>
                              </technique>
                            </extra>
                          </node>
                          <extra>
                            <technique profile="OpenCOLLADA">
                              <cast_shadows>1</cast_shadows>
                              <primary_visibility>1</primary_visibility>
                              <receive_shadows>1</receive_shadows>
                              <secondary_visibility>1</secondary_visibility>
                            </technique>
                          </extra>
                        </node>
                        <extra>
                          <technique profile="OpenCOLLADA">
                            <cast_shadows>1</cast_shadows>
                            <primary_visibility>1</primary_visibility>
                            <receive_shadows>1</receive_shadows>
                            <secondary_visibility>1</secondary_visibility>
                          </technique>
                        </extra>
                      </node>
                      <extra>
                        <technique profile="OpenCOLLADA">
                          <cast_shadows>1</cast_shadows>
                          <primary_visibility>1</primary_visibility>
                          <receive_shadows>1</receive_shadows>
                          <secondary_visibility>1</secondary_visibility>
                        </technique>
                      </extra>
                    </node>
                    <extra>
                      <technique profile="OpenCOLLADA">
                        <cast_shadows>1</cast_shadows>
                        <primary_visibility>1</primary_visibility>
                        <receive_shadows>1</receive_shadows>
                        <secondary_visibility>1</secondary_visibility>
                      </technique>
                    </extra>
                  </node>
                  <extra>
                    <technique profile="OpenCOLLADA">
                      <cast_shadows>1</cast_shadows>
                      <primary_visibility>1</primary_visibility>
                      <receive_shadows>1</receive_shadows>
                      <secondary_visibility>1</secondary_visibility>
                    </technique>
                  </extra>
                </node>
                <extra>
                  <technique profile="OpenCOLLADA">
                    <cast_shadows>1</cast_shadows>
                    <primary_visibility>1</primary_visibility>
                    <receive_shadows>1</receive_shadows>
                    <secondary_visibility>1</secondary_visibility>
                  </technique>
                </extra>
              </node>
              <node id="node-Character1_RightShoulder" name="Character1_RightShoulder">
                <matrix sid="matrix">0.1506332 -0.7816799 -0.6052161 10.15163 -0.1274685 0.5917336 -0.7959924 -9.101723 0.9803374 0.1970488 -0.01050489 0.8173113 0 0 0 1</matrix>
                <node id="node-Character1_RightArm" name="Character1_RightArm">
                  <matrix sid="matrix">0.9108771 0.3841797 0.1506953 -10.05987 -0.3014309 0.3699793 0.8787803 -6.863838 0.2818553 -0.845885 0.4528092 -1.463173 0 0 0 1</matrix>
                  <node id="node-Character1_RightForeArm" name="Character1_RightForeArm">
                    <matrix sid="matrix">0.4329403 -0.7747799 -0.460737 -16.8945 0.8515075 0.1837863 0.4910781 -4.728966 -0.2958003 -0.6049285 0.7392994 -7.234886 0 0 0 1</matrix>
                    <node id="node-Character1_RightHand" name="Character1_RightHand">
                      <matrix sid="matrix">-0.8087158 -0.561788 -0.1742773 1.931789 -0.3619137 0.2416877 0.9003361 16.15698 -0.4636774 0.7911897 -0.3987755 5.430939 0 0 0 1</matrix>
                      <node id="node-Character1_RightHandThumb1" name="Character1_RightHandThumb1">
                        <matrix>0.3934352 0.518683 0.7590633 -9.215542 0.6181598 0.4618976 -0.6360263 -1.899891 -0.6805055 0.7194574 -0.1389021 1.309837 0 0 0 1</matrix>
                        <node id="node-Character1_RightHandThumb2" name="Character1_RightHandThumb2">
                          <matrix>-0.1456199 0.9255722 -0.3494438 2.962709 -0.546103 -0.3697234 -0.7517155 -2.539921 -0.8249646 0.08136757 0.5592967 -4.66095 0 0 0 1</matrix>
                          <node id="node-Character1_RightHandThumb3" name="Character1_RightHandThumb3">
                            <matrix>0.08574346 0.513447 0.8538271 1.586731 0.3298396 -0.8232867 0.4619583 2.615219 0.9401353 0.2420161 -0.2399465 -3.47917 0 0 0 1</matrix>
                            <extra>
                              <technique profile="OpenCOLLADA">
                                <cast_shadows>1</cast_shadows>
                                <primary_visibility>1</primary_visibility>
                                <receive_shadows>1</receive_shadows>
                                <secondary_visibility>1</secondary_visibility>
                              </technique>
                            </extra>
                          </node>
                          <extra>
                            <technique profile="OpenCOLLADA">
                              <cast_shadows>1</cast_shadows>
                              <primary_visibility>1</primary_visibility>
                              <receive_shadows>1</receive_shadows>
                              <secondary_visibility>1</secondary_visibility>
                            </technique>
                          </extra>
                        </node>
                        <extra>
                          <technique profile="OpenCOLLADA">
                            <cast_shadows>1</cast_shadows>
                            <primary_visibility>1</primary_visibility>
                            <receive_shadows>1</receive_shadows>
                            <secondary_visibility>1</secondary_visibility>
                          </technique>
                        </extra>
                      </node>
                      <node id="node-Character1_RightHandIndex1" name="Character1_RightHandIndex1">
                        <matrix>0.4289086 0.7894779 0.4390472 -10.6156 -0.7220086 0.5916898 -0.3586183 1.468836 -0.542901 -0.1631813 0.8237906 4.32666 0 0 0 1</matrix>
                        <node id="node-Character1_RightHandIndex2" name="Character1_RightHandIndex2">
                          <matrix>0.748776 0.07686637 -0.6583511 -0.1091785 -0.3159236 -0.831783 -0.4564312 0.5408249 -0.5826896 0.5497533 -0.598535 -6.686157 0 0 0 1</matrix>
                          <node id="node-Character1_RightHandIndex3" name="Character1_RightHandIndex3">
                            <matrix>0.0860714 0.5134618 0.8537848 1.8904 0.3300533 -0.8232687 0.4618367 1.340099 0.9400299 0.2420436 -0.2403297 -5.893093 0 0 0 1</matrix>
                            <extra>
                              <technique profile="OpenCOLLADA">
                                <cast_shadows>1</cast_shadows>
                                <primary_visibility>1</primary_visibility>
                                <receive_shadows>1</receive_shadows>
                                <secondary_visibility>1</secondary_visibility>
                              </technique>
                            </extra>
                          </node>
                          <extra>
                            <technique profile="OpenCOLLADA">
                              <cast_shadows>1</cast_shadows>
                              <primary_visibility>1</primary_visibility>
                              <receive_shadows>1</receive_shadows>
                              <secondary_visibility>1</secondary_visibility>
                            </technique>
                          </extra>
                        </node>
                        <extra>
                          <technique profile="OpenCOLLADA">
                            <cast_shadows>1</cast_shadows>
                            <primary_visibility>1</primary_visibility>
                            <receive_shadows>1</receive_shadows>
                            <secondary_visibility>1</secondary_visibility>
                          </technique>
                        </extra>
                      </node>
                      <node id="node-Character1_RightHandRing1" name="Character1_RightHandRing1">
                        <matrix>0.3701431 0.7818972 0.5016285 -5.645008 -0.8056188 0.5390494 -0.2457735 7.031698 -0.4625723 -0.31315 0.8294362 2.228542 0 0 0 1</matrix>
                        <node id="node-Character1_RightHandRing2" name="Character1_RightHandRing2">
                          <matrix>0.7517586 0.08288226 -0.6542094 0.04623413 -0.3102757 -0.8309379 -0.4618129 0.8951054 -0.5818836 0.5501569 -0.5989482 -5.497795 0 0 0 1</matrix>
                          <node id="node-Character1_RightHandRing3" name="Character1_RightHandRing3">
                            <matrix>0.0857434 0.5134471 0.8538271 1.863865 0.3298396 -0.8232865 0.4619583 1.098696 0.9401352 0.2420161 -0.2399465 -5.28199 0 0 0 1</matrix>
                            <extra>
                              <technique profile="OpenCOLLADA">
                                <cast_shadows>1</cast_shadows>
                                <primary_visibility>1</primary_visibility>
                                <receive_shadows>1</receive_shadows>
                                <secondary_visibility>1</secondary_visibility>
                              </technique>
                            </extra>
                          </node>
                          <extra>
                            <technique profile="OpenCOLLADA">
                              <cast_shadows>1</cast_shadows>
                              <primary_visibility>1</primary_visibility>
                              <receive_shadows>1</receive_shadows>
                              <secondary_visibility>1</secondary_visibility>
                            </technique>
                          </extra>
                        </node>
                        <extra>
                          <technique profile="OpenCOLLADA">
                            <cast_shadows>1</cast_shadows>
                            <primary_visibility>1</primary_visibility>
                            <receive_shadows>1</receive_shadows>
                            <secondary_visibility>1</secondary_visibility>
                          </technique>
                        </extra>
                      </node>
                      <extra>
                        <technique profile="OpenCOLLADA">
                          <cast_shadows>1</cast_shadows>
                          <primary_visibility>1</primary_visibility>
                          <receive_shadows>1</receive_shadows>
                          <secondary_visibility>1</secondary_visibility>
                        </technique>
                      </extra>
                    </node>
                    <extra>
                      <technique profile="OpenCOLLADA">
                        <cast_shadows>1</cast_shadows>
                        <primary_visibility>1</primary_visibility>
                        <receive_shadows>1</receive_shadows>
                        <secondary_visibility>1</secondary_visibility>
                      </technique>
                    </extra>
                  </node>
                  <extra>
                    <technique profile="OpenCOLLADA">
                      <cast_shadows>1</cast_shadows>
                      <primary_visibility>1</primary_visibility>
                      <receive_shadows>1</receive_shadows>
                      <secondary_visibility>1</secondary_visibility>
                    </technique>
                  </extra>
                </node>
                <extra>
                  <technique profile="OpenCOLLADA">
                    <cast_shadows>1</cast_shadows>
                    <primary_visibility>1</primary_visibility>
                    <receive_shadows>1</receive_shadows>
                    <secondary_visibility>1</secondary_visibility>
                  </technique>
                </extra>
              </node>
              <node id="node-Character1_Neck" name="Character1_Neck">
                <matrix sid="matrix">-0.7028099 -0.1180419 0.7015159 6.19712 0.2535447 0.8798107 0.4020556 -13.62122 -0.6646602 0.4604343 -0.5884108 7.144492 0 0 0 1</matrix>
                <node id="node-Character1_Head" name="Character1_Head">
                  <matrix sid="matrix">-0.4741883 -0.7831242 -0.4023207 -16.98558 0.8718315 -0.4813533 -0.09060585 -8.013115 -0.1227027 -0.3937198 0.9110046 -6.172491 0 0 0 1</matrix>
                  <node id="node-jaw" name="jaw">
                    <matrix>-4.14439e-8 -0.5179236 0.855427 14.00444 -9.19681e-9 0.855427 0.5179236 0 -1 1.0943e-8 -4.26662e-8 -4.76837e-7 0 0 0 1</matrix>
                    <extra>
                      <technique profile="OpenCOLLADA">
                        <cast_shadows>1</cast_shadows>
                        <primary_visibility>1</primary_visibility>
                        <receive_shadows>1</receive_shadows>
                        <secondary_visibility>1</secondary_visibility>
                      </technique>
                    </extra>
                  </node>
                  <node id="node-eyes" name="eyes">
                    <matrix>-4.2608e-8 -0.4331467 0.9013236 -10.20705 -8.03266e-9 0.9013236 0.4331466 22.34253 -1 9.77889e-9 -4.29573e-8 -4.76837e-7 0 0 0 1</matrix>
                    <extra>
                      <technique profile="OpenCOLLADA">
                        <cast_shadows>1</cast_shadows>
                        <primary_visibility>1</primary_visibility>
                        <receive_shadows>1</receive_shadows>
                        <secondary_visibility>1</secondary_visibility>
                      </technique>
                    </extra>
                  </node>
                  <extra>
                    <technique profile="OpenCOLLADA">
                      <cast_shadows>1</cast_shadows>
                      <primary_visibility>1</primary_visibility>
                      <receive_shadows>1</receive_shadows>
                      <secondary_visibility>1</secondary_visibility>
                    </technique>
                  </extra>
                </node>
                <extra>
                  <technique profile="OpenCOLLADA">
                    <cast_shadows>1</cast_shadows>
                    <primary_visibility>1</primary_visibility>
                    <receive_shadows>1</receive_shadows>
                    <secondary_visibility>1</secondary_visibility>
                  </technique>
                </extra>
              </node>
              <extra>
                <technique profile="OpenCOLLADA">
                  <cast_shadows>1</cast_shadows>
                  <primary_visibility>1</primary_visibility>
                  <receive_shadows>1</receive_shadows>
                  <secondary_visibility>1</secondary_visibility>
                </technique>
              </extra>
            </node>
            <extra>
              <technique profile="OpenCOLLADA">
                <cast_shadows>1</cast_shadows>
                <primary_visibility>1</primary_visibility>
                <receive_shadows>1</receive_shadows>
                <secondary_visibility>1</secondary_visibility>
              </technique>
            </extra>
          </node>
          <extra>
            <technique profile="OpenCOLLADA">
              <cast_shadows>1</cast_shadows>
              <primary_visibility>1</primary_visibility>
              <receive_shadows>1</receive_shadows>
              <secondary_visibility>1</secondary_visibility>
            </technique>
          </extra>
        </node>
        <extra>
          <technique profile="OpenCOLLADA">
            <cast_shadows>1</cast_shadows>
            <primary_visibility>1</primary_visibility>
            <receive_shadows>1</receive_shadows>
            <secondary_visibility>1</secondary_visibility>
          </technique>
        </extra>
      </node>
    </visual_scene>
  </library_visual_scenes>
  <library_animations>
    <animation>
      <source id="node-Character1_Hips_matrix-input">
        <float_array id="node-Character1_Hips_matrix-input-array" count="25">0 0.03333334 0.06666667 0.1 0.1333333 0.1666667 0.2 0.2333333 0.2666667 0.3 0.3333333 0.3666667 0.4 0.4333333 0.4666667 0.5 0.5333334 0.5666667 0.6 0.6333333 0.6666667 0.7 0.7333333 0.7666667 0.8</float_array>
        <technique_common>
          <accessor source="#node-Character1_Hips_matrix-input-array" count="25" stride="1">
            <param name="TIME" type="float"/>
          </accessor>
        </technique_common>
      </source>
      <source id="node-Character1_Hips_matrix-output">
        <float_array id="node-Character1_Hips_matrix-output-array" count="400">0.7741276 0.6318947 0.03788065 0.02521491 -0.5606234 0.7121449 -0.4225525 48.33461 -0.2939853 0.3058729 0.9055463 -9.997998 0 0 0 1 0.7553973 0.6466751 0.1057628 -1.426669 -0.5477938 0.7117922 -0.4396287 47.74587 -0.3595782 0.2741582 0.8919308 -9.672926 0 0 0 1 0.7371003 0.654999 0.16631 -2.740278 -0.5319736 0.7141671 -0.4549385 45.89996 -0.4167575 0.2468628 0.8748552 -8.804495 0 0 0 1 0.7276477 0.6506848 0.2171118 -3.743627 -0.5066229 0.7231745 -0.4694161 43.14146 -0.4624518 0.2315757 0.8558683 -6.980437 0 0 0 1 0.7239148 0.6456604 0.2430422 -4.399574 -0.4932494 0.7307019 -0.471995 40.40273 -0.48234 0.2218037 0.8474377 -5.6837 0 0 0 1 0.7169011 0.6600663 0.2244209 -4.808426 -0.5244467 0.7226763 -0.4502158 37.63155 -0.459356 0.2050634 0.8642573 -5.771002 0 0 0 1 0.7119633 0.6783675 0.1814533 -5.031387 -0.5705637 0.7094677 -0.4136571 34.9931 -0.4093469 0.1909781 0.8921671 -6.09452 0 0 0 1 0.7319793 0.6679856 0.1341685 -4.797245 -0.5844234 0.7168013 -0.380322 33.65011 -0.3502218 0.1999767 0.9150703 -6.674866 0 0 0 1 0.7930995 0.6031939 0.08455634 -4.101894 -0.5376731 0.7585526 -0.3681102 34.96327 -0.2861824 0.2464844 0.9259291 -7.426106 0 0 0 1 0.8717495 0.4892506 0.02619713 -3.182012 -0.4455066 0.813789 -0.3731904 38.54619 -0.2039026 0.3136575 0.9273846 -8.202753 0 0 0 1 0.9375583 0.3459727 -0.03587245 -2.127559 -0.3314894 0.8575178 -0.393418 42.94098 -0.1053506 0.3807437 0.9186594 -8.936092 0 0 0 1 0.973762 0.2056859 -0.09736728 -1.028497 -0.2275633 0.8774349 -0.4222825 46.68975 -0.001424014 0.4333599 0.9012196 -9.557412 0 0 0 1 0.981678 0.1055052 -0.158671 0.02521491 -0.1669805 0.8774663 -0.4496331 48.33461 0.09178978 0.46789 0.8790069 -9.997998 0 0 0 1 0.9732078 0.05723881 -0.222688 1.127327 -0.1584134 0.8688886 -0.4689748 47.31808 0.1666474 0.4916867 0.8546767 -9.860346 0 0 0 1 0.9580286 0.03544241 -0.2844724 2.210102 -0.1746353 0.8591005 -0.4810909 45.10265 0.2273394 0.5105778 0.8292326 -8.966073 0 0 0 1 0.9414986 0.03938138 -0.3347072 3.101801 -0.2093082 0.8467185 -0.4891394 42.60348 0.2641398 0.5305812 0.8054274 -6.847536 0 0 0 1 0.9327546 0.05010461 -0.3570126 3.874718 -0.2326485 0.8401486 -0.489923 40.40272 0.2753962 0.5400365 0.7953095 -5.254291 0 0 0 1 0.9393702 0.02897137 -0.3416779 4.576143 -0.2041894 0.8477641 -0.4894919 38.66973 0.275481 0.5295812 0.8022803 -5.163587 0 0 0 1 0.9522293 3.0823e-4 -0.3053831 5.147901 -0.1555922 0.8609608 -0.4842904 37.19911 0.2627736 0.5086709 0.8198803 -5.147972 0 0 0 1 0.9641988 0.01224094 -0.2648968 5.465647 -0.1402183 0.8713961 -0.4701141 36.30471 0.2250753 0.490427 0.8419157 -5.186154 0 0 0 1 0.9708565 0.1127558 -0.211479 5.169483 -0.1990312 0.8708908 -0.4493722 37.23696 0.1335058 0.4783669 0.8679521 -5.723556 0 0 0 1 0.9501624 0.2811195 -0.1347697 4.180387 -0.311691 0.8478707 -0.4289099 40.18468 -0.006307601 0.4495406 0.8932374 -6.921254 0 0 0 1 0.8882012 0.4564896 -0.05210733 2.79533 -0.4343511 0.7972815 -0.4191431 43.86927 -0.1497903 0.3949164 0.9064235 -8.331435 0 0 0 1 0.8115608 0.5841346 0.0124644 1.311282 -0.5258849 0.7395954 -0.4200515 47.01211 -0.2545853 0.3343425 0.9074144 -9.506287 0 0 0 1 0.7741276 0.6318947 0.03788065 0.02521491 -0.5606234 0.7121449 -0.4225525 48.33461 -0.2939853 0.3058729 0.9055463 -9.997998 0 0 0 1</float_array>
        <technique_common>
          <accessor source="#node-Character1_Hips_matrix-output-array" count="25" stride="16">
            <param name="TRANSFORM" type="float4x4"/>
          </accessor>
        </technique_common>
      </source>
      <source id="node-Character1_Hips_matrix-interpolation">
        <Name_array id="node-Character1_Hips_matrix-interpolation-array" count="25">LINEAR LINEAR LINEAR LINEAR LINEAR LINEAR LINEAR LINEAR LINEAR LINEAR LINEAR LINEAR LINEAR LINEAR LINEAR LINEAR LINEAR LINEAR LINEAR LINEAR LINEAR LINEAR LINEAR LINEAR LINEAR</Name_array>
        <technique_common>
          <accessor source="#node-Character1_Hips_matrix-interpolation-array" count="25" stride="1">
            <param name="INTERPOLATION" type="name"/>
          </accessor>
        </technique_common>
      </source>
      <source id="node-Character1_LeftUpLeg_matrix-input">
        <float_array id="node-Character1_LeftUpLeg_matrix-input-array" count="25">0 0.03333334 0.06666667 0.1 0.1333333 0.1666667 0.2 0.2333333 0.2666667 0.3 0.3333333 0.3666667 0.4 0.4333333 0.4666667 0.5 0.5333334 0.5666667 0.6 0.6333333 0.6666667 0.7 0.7333333 0.7666667 0.8</float_array>
        <technique_common>
          <accessor source="#node-Character1_LeftUpLeg_matrix-input-array" count="25" stride="1">
            <param name="TIME" type="float"/>
          </accessor>
        </technique_common>
      </source>
      <source id="node-Character1_LeftUpLeg_matrix-output">
