<?xml version="1.0" encoding="utf-8"?>
<COLLADA xmlns="http://www.collada.org/2005/11/COLLADASchema" version="1.4.1">
  <asset>
    <contributor>
      <author>eduardo</author>
      <authoring_tool>OpenCOLLADA for 3ds Max;  Version: 1.4.1;  Revision: exported;  Platform: x64;  Configuration: Release_Max2013_static</authoring_tool>
    </contributor>
    <created>2014-01-16T16:33:35</created>
    <modified>2014-01-16T16:33:35</modified>
    <unit name="centimeter" meter="0.01"/>
    <up_axis>Z_UP</up_axis>
  </asset>
  <library_lights>
    <light id="EnvironmentAmbientLight" name="EnvironmentAmbientLight">
      <technique_common>
        <ambient>
          <color>0 0 0</color>
        </ambient>
      </technique_common>
    </light>
  </library_lights>
  <library_visual_scenes>
    <visual_scene id="MaxScene">
      <node name="EnvironmentAmbientLight">
        <instance_light url="#EnvironmentAmbientLight"/>
      </node>
      <node id="node-Character1_Reference" name="Character1_Reference">
        <matrix>1 0 0 0 0 -4.37114e-8 -1 0 0 1 -4.37114e-8 0 0 0 0 1</matrix>
        <node id="node-Character1_Hips" name="Character1_Hips">
          <matrix sid="matrix">0.8581101 0.4853654 0.1675322 -0.8014374 -0.4960857 0.8678641 0.02665147 41.75706 -0.1324595 -0.1059803 0.9855061 -9.288187 0 0 0 1</matrix>
          <node id="node-Character1_LeftUpLeg" name="Character1_LeftUpLeg">
            <matrix sid="matrix">-0.4509383 -0.05921528 0.8905886 10.59648 0.8514195 0.2708855 0.4491167 3.315334 -0.2678421 0.9607887 -0.07173555 2.055824 0 0 0 1</matrix>
            <node id="node-Character1_LeftLeg" name="Character1_LeftLeg">
              <matrix sid="matrix">-0.6307918 -0.7608732 0.1522289 -21.53284 -0.7554035 0.557304 -0.3446421 1.421979 0.1773911 -0.3323914 -0.9263093 5.8662 0 0 0 1</matrix>
              <node id="node-Character1_LeftFoot" name="Character1_LeftFoot">
                <matrix sid="matrix">-0.8930054 0.4050264 -0.1962022 18.36881 0.09194723 -0.2625685 -0.9605227 -4.717684 -0.4405535 -0.8757921 0.197234 1.383058 0 0 0 1</matrix>
                <node id="node-Character1_LeftToeBase" name="Character1_LeftToeBase">
                  <matrix>0.8043215 0.4261184 -0.4141135 2.381327 0.5813454 -0.4201855 0.6967651 4.389837 0.1228999 -0.8011664 -0.5856861 -9.228443 0 0 0 1</matrix>
                  <node id="node-Character1_LeftFootMiddle1" name="Character1_LeftFootMiddle1">
                    <matrix>0.5052077 -0.08569849 -0.8587323 4.19718 0.7530736 -0.4421982 0.4871764 3.756979 -0.4214802 -0.8928135 -0.1588646 1.405395 0 0 0 1</matrix>
                    <node id="node-Character1_LeftFootMiddle2" name="Character1_LeftFootMiddle2">
                      <matrix>0.854273 -0.3808313 -0.3538162 2.876389 0.5185831 0.6713844 0.5294481 -2.160448 0.03591621 -0.6357759 0.7710378 -1.313555 0 0 0 1</matrix>
                      <extra>
                        <technique profile="OpenCOLLADA">
                          <cast_shadows>1</cast_shadows>
                          <primary_visibility>1</primary_visibility>
                          <receive_shadows>1</receive_shadows>
                          <secondary_visibility>1</secondary_visibility>
                        </technique>
                      </extra>
                    </node>
                    <extra>
                      <technique profile="OpenCOLLADA">
                        <cast_shadows>1</cast_shadows>
                        <primary_visibility>1</primary_visibility>
                        <receive_shadows>1</receive_shadows>
                        <secondary_visibility>1</secondary_visibility>
                      </technique>
                    </extra>
                  </node>
                  <extra>
                    <technique profile="OpenCOLLADA">
                      <cast_shadows>1</cast_shadows>
                      <primary_visibility>1</primary_visibility>
                      <receive_shadows>1</receive_shadows>
                      <secondary_visibility>1</secondary_visibility>
                    </technique>
                  </extra>
                </node>
                <extra>
                  <technique profile="OpenCOLLADA">
                    <cast_shadows>1</cast_shadows>
                    <primary_visibility>1</primary_visibility>
                    <receive_shadows>1</receive_shadows>
                    <secondary_visibility>1</secondary_visibility>
                  </technique>
                </extra>
              </node>
              <extra>
                <technique profile="OpenCOLLADA">
                  <cast_shadows>1</cast_shadows>
                  <primary_visibility>1</primary_visibility>
                  <receive_shadows>1</receive_shadows>
                  <secondary_visibility>1</secondary_visibility>
                </technique>
              </extra>
            </node>
            <extra>
              <technique profile="OpenCOLLADA">
                <cast_shadows>1</cast_shadows>
                <primary_visibility>1</primary_visibility>
                <receive_shadows>1</receive_shadows>
                <secondary_visibility>1</secondary_visibility>
              </technique>
            </extra>
          </node>
          <node id="node-Character1_RightUpLeg" name="Character1_RightUpLeg">
            <matrix sid="matrix">-0.806953 0.06392238 -0.5871466 -9.464947 -0.3930008 -0.8002094 0.4530073 -5.110031 -0.440883 0.5963047 0.6708526 3.435946 0 0 0 1</matrix>
            <node id="node-Character1_RightLeg" name="Character1_RightLeg">
              <matrix sid="matrix">-0.5313445 -0.7447685 -0.4037239 2.310894 0.8469685 -0.4770411 -0.2346829 22.18158 -0.01780841 -0.4666389 0.8842688 -1.653603 0 0 0 1</matrix>
              <node id="node-Character1_RightFoot" name="Character1_RightFoot">
                <matrix sid="matrix">-0.5419497 -0.4856957 0.6858494 10.66813 0.7847459 -3.94627e-4 0.619817 1.366095 -0.3007719 0.8741273 0.3813617 -15.68142 0 0 0 1</matrix>
                <node id="node-Character1_RightToeBase" name="Character1_RightToeBase">
                  <matrix>-0.06481626 -0.9132226 0.4022741 -8.103174 -0.992636 0.01766171 -0.1198434 -4.750935 0.1023388 -0.4070794 -0.9076421 4.676834 0 0 0 1</matrix>
                  <node id="node-Character1_RightFootMiddle1" name="Character1_RightFootMiddle1">
                    <matrix>-0.3516934 -0.6548339 0.6689572 -0.3178993 -0.4636033 0.7426594 0.4832478 3.693726 -0.8132547 -0.1401759 -0.5647717 -4.467847 0 0 0 1</matrix>
                    <node id="node-Character1_RightFootMiddle2" name="Character1_RightFootMiddle2">
                      <matrix>0.9752086 -0.06614618 -0.2111701 1.344903 0.1195544 -0.6455291 0.7543204 2.357922 -0.1862118 -0.760866 -0.6216175 2.701477 0 0 0 1</matrix>
                      <extra>
                        <technique profile="OpenCOLLADA">
                          <cast_shadows>1</cast_shadows>
                          <primary_visibility>1</primary_visibility>
                          <receive_shadows>1</receive_shadows>
                          <secondary_visibility>1</secondary_visibility>
                        </technique>
                      </extra>
                    </node>
                    <extra>
                      <technique profile="OpenCOLLADA">
                        <cast_shadows>1</cast_shadows>
                        <primary_visibility>1</primary_visibility>
                        <receive_shadows>1</receive_shadows>
                        <secondary_visibility>1</secondary_visibility>
                      </technique>
                    </extra>
                  </node>
                  <extra>
                    <technique profile="OpenCOLLADA">
                      <cast_shadows>1</cast_shadows>
                      <primary_visibility>1</primary_visibility>
                      <receive_shadows>1</receive_shadows>
                      <secondary_visibility>1</secondary_visibility>
                    </technique>
                  </extra>
                </node>
                <extra>
                  <technique profile="OpenCOLLADA">
                    <cast_shadows>1</cast_shadows>
                    <primary_visibility>1</primary_visibility>
                    <receive_shadows>1</receive_shadows>
                    <secondary_visibility>1</secondary_visibility>
                  </technique>
                </extra>
              </node>
              <extra>
                <technique profile="OpenCOLLADA">
                  <cast_shadows>1</cast_shadows>
                  <primary_visibility>1</primary_visibility>
                  <receive_shadows>1</receive_shadows>
                  <secondary_visibility>1</secondary_visibility>
                </technique>
              </extra>
            </node>
            <extra>
              <technique profile="OpenCOLLADA">
                <cast_shadows>1</cast_shadows>
                <primary_visibility>1</primary_visibility>
                <receive_shadows>1</receive_shadows>
                <secondary_visibility>1</secondary_visibility>
              </technique>
            </extra>
          </node>
          <node id="node-Character1_Spine" name="Character1_Spine">
            <matrix sid="matrix">-0.8075464 0.5610616 0.1818762 -5.917448 -0.555971 -0.8270658 0.08281752 13.89433 0.1968893 -0.03423888 0.9798276 -1.193889 0 0 0 1</matrix>
            <node id="node-Character1_Spine1" name="Character1_Spine1">
              <matrix sid="matrix">0.965731 0.110548 -0.2348251 -1.251564 -0.1122028 0.9936651 0.00634516 -15.81806 0.2340389 0.02022032 0.972017 4.571675 0 0 0 1</matrix>
              <node id="node-Character1_LeftShoulder" name="Character1_LeftShoulder">
                <matrix sid="matrix">0.2343789 0.9333032 -0.272049 0.491349 0.4065863 -0.3483018 -0.8446145 -8.202805 -0.8830371 0.08734824 -0.4611032 10.91043 0 0 0 1</matrix>
                <node id="node-Character1_LeftArm" name="Character1_LeftArm">
                  <matrix sid="matrix">-0.5598362 -0.1958456 -0.8051257 -10.39077 -0.7977117 0.3902275 0.4597589 -5.880527 0.2241404 0.899649 -0.3746916 2.811646 0 0 0 1</matrix>
                  <node id="node-Character1_LeftForeArm" name="Character1_LeftForeArm">
                    <matrix sid="matrix">0.9991012 0.04154839 -0.00843481 8.938725 -0.03166918 0.5991223 -0.8000311 -14.27303 -0.02818653 0.7995788 0.5998994 -8.747076 0 0 0 1</matrix>
                    <node id="node-Character1_LeftHand" name="Character1_LeftHand">
                      <matrix sid="matrix">-0.8466182 0.2842877 -0.4499094 -0.9512596 0.4817216 0.7687089 -0.4207509 -11.29952 0.2262351 -0.5729462 -0.7877504 12.87209 0 0 0 1</matrix>
                      <node id="node-Character1_LeftHandThumb1" name="Character1_LeftHandThumb1">
                        <matrix sid="matrix">-0.2231565 0.7517772 -0.6205094 6.104177 -0.006992832 -0.63778 -0.7701867 -6.749096 -0.9747573 -0.1675331 0.1475819 -2.72765 0 0 0 1</matrix>
                        <node id="node-Character1_LeftHandThumb2" name="Character1_LeftHandThumb2">
                          <matrix sid="matrix">0.2731048 -0.9115124 -0.3075052 -3.359484 0.9595347 0.280915 0.01949918 3.819332 0.06860897 -0.3003873 0.9513468 3.328659 0 0 0 1</matrix>
                          <node id="node-Character1_LeftHandThumb3" name="Character1_LeftHandThumb3">
                            <matrix>0.4830688 0.6298074 -0.6082654 1.173334 0.7557597 0.05086412 0.6528704 -0.3482351 0.4421217 -0.7750838 -0.4514123 4.468077 0 0 0 1</matrix>
                            <extra>
                              <technique profile="OpenCOLLADA">
                                <cast_shadows>1</cast_shadows>
                                <primary_visibility>1</primary_visibility>
                                <receive_shadows>1</receive_shadows>
                                <secondary_visibility>1</secondary_visibility>
                              </technique>
                            </extra>
                          </node>
                          <extra>
                            <technique profile="OpenCOLLADA">
                              <cast_shadows>1</cast_shadows>
                              <primary_visibility>1</primary_visibility>
                              <receive_shadows>1</receive_shadows>
                              <secondary_visibility>1</secondary_visibility>
                            </technique>
                          </extra>
                        </node>
                        <extra>
                          <technique profile="OpenCOLLADA">
                            <cast_shadows>1</cast_shadows>
                            <primary_visibility>1</primary_visibility>
                            <receive_shadows>1</receive_shadows>
                            <secondary_visibility>1</secondary_visibility>
                          </technique>
                        </extra>
                      </node>
                      <node id="node-Character1_LeftHandIndex1" name="Character1_LeftHandIndex1">
                        <matrix sid="matrix">0.6859332 0.629425 -0.3651294 3.433671 0.7119769 -0.6841671 0.1581268 -9.658257 -0.1502806 -0.3684282 -0.9174293 -5.338186 0 0 0 1</matrix>
                        <node id="node-Character1_LeftHandIndex2" name="Character1_LeftHandIndex2">
                          <matrix sid="matrix">-0.281128 0.8844991 0.3723292 -5.584656 0.9574428 0.2849263 0.04605339 3.700153 -0.0653522 0.3694308 -0.9269577 0.3599339 0 0 0 1</matrix>
                          <node id="node-Character1_LeftHandIndex3" name="Character1_LeftHandIndex3">
                            <matrix>-0.4363898 -0.8560851 0.2769146 3.231499 -0.2228576 -0.1953345 -0.9550804 -5.162512 0.8717212 -0.4785001 -0.1055431 1.733156 0 0 0 1</matrix>
                            <extra>
                              <technique profile="OpenCOLLADA">
                                <cast_shadows>1</cast_shadows>
                                <primary_visibility>1</primary_visibility>
                                <receive_shadows>1</receive_shadows>
                                <secondary_visibility>1</secondary_visibility>
                              </technique>
                            </extra>
                          </node>
                          <extra>
                            <technique profile="OpenCOLLADA">
                              <cast_shadows>1</cast_shadows>
                              <primary_visibility>1</primary_visibility>
                              <receive_shadows>1</receive_shadows>
                              <secondary_visibility>1</secondary_visibility>
                            </technique>
                          </extra>
                        </node>
                        <extra>
                          <technique profile="OpenCOLLADA">
                            <cast_shadows>1</cast_shadows>
                            <primary_visibility>1</primary_visibility>
                            <receive_shadows>1</receive_shadows>
                            <secondary_visibility>1</secondary_visibility>
                          </technique>
                        </extra>
                      </node>
                      <node id="node-Character1_LeftHandRing1" name="Character1_LeftHandRing1">
                        <matrix sid="matrix">-0.6132216 0.5772214 0.5392349 -3.358615 -0.713124 -0.6981424 -0.06364672 -8.470638 0.3397246 -0.4235711 0.8397467 -1.801425 0 0 0 1</matrix>
                        <node id="node-Character1_LeftHandRing2" name="Character1_LeftHandRing2">
                          <matrix sid="matrix">-0.2176069 0.9518145 -0.2160951 4.736031 -0.1984441 -0.2599213 -0.9450193 2.817215 -0.9556507 -0.1627598 0.2454425 0.8139057 0 0 0 1</matrix>
                          <node id="node-Character1_LeftHandRing3" name="Character1_LeftHandRing3">
                            <matrix>0.5030928 0.8050171 0.3143959 -4.466007 -0.8520057 0.5229679 0.02429974 2.926251 -0.1448573 -0.280092 0.9489808 -2.018021 0 0 0 1</matrix>
                            <extra>
                              <technique profile="OpenCOLLADA">
                                <cast_shadows>1</cast_shadows>
                                <primary_visibility>1</primary_visibility>
                                <receive_shadows>1</receive_shadows>
                                <secondary_visibility>1</secondary_visibility>
                              </technique>
                            </extra>
                          </node>
                          <extra>
                            <technique profile="OpenCOLLADA">
                              <cast_shadows>1</cast_shadows>
                              <primary_visibility>1</primary_visibility>
                              <receive_shadows>1</receive_shadows>
                              <secondary_visibility>1</secondary_visibility>
                            </technique>
                          </extra>
                        </node>
                        <extra>
                          <technique profile="OpenCOLLADA">
                            <cast_shadows>1</cast_shadows>
                            <primary_visibility>1</primary_visibility>
                            <receive_shadows>1</receive_shadows>
                            <secondary_visibility>1</secondary_visibility>
                          </technique>
                        </extra>
                      </node>
                      <extra>
                        <technique profile="OpenCOLLADA">
                          <cast_shadows>1</cast_shadows>
                          <primary_visibility>1</primary_visibility>
                          <receive_shadows>1</receive_shadows>
                          <secondary_visibility>1</secondary_visibility>
                        </technique>
                      </extra>
                    </node>
                    <extra>
                      <technique profile="OpenCOLLADA">
                        <cast_shadows>1</cast_shadows>
                        <primary_visibility>1</primary_visibility>
                        <receive_shadows>1</receive_shadows>
                        <secondary_visibility>1</secondary_visibility>
                      </technique>
                    </extra>
                  </node>
                  <extra>
                    <technique profile="OpenCOLLADA">
                      <cast_shadows>1</cast_shadows>
                      <primary_visibility>1</primary_visibility>
                      <receive_shadows>1</receive_shadows>
                      <secondary_visibility>1</secondary_visibility>
                    </technique>
                  </extra>
                </node>
                <extra>
                  <technique profile="OpenCOLLADA">
                    <cast_shadows>1</cast_shadows>
                    <primary_visibility>1</primary_visibility>
                    <receive_shadows>1</receive_shadows>
                    <secondary_visibility>1</secondary_visibility>
                  </technique>
                </extra>
              </node>
              <node id="node-Character1_RightShoulder" name="Character1_RightShoulder">
                <matrix sid="matrix">-0.2331209 -0.9111119 -0.3398966 10.15163 -0.455953 0.4111348 -0.7893512 -9.10173 0.8589303 -0.02903736 -0.5112685 0.8173084 0 0 0 1</matrix>
                <node id="node-Character1_RightArm" name="Character1_RightArm">
                  <matrix sid="matrix">0.2286074 0.4866019 0.8431831 -10.05986 -0.2395008 -0.8113883 0.5331875 -6.863831 0.9435986 -0.3238335 -0.06894778 -1.463177 0 0 0 1</matrix>
                  <node id="node-Character1_RightForeArm" name="Character1_RightForeArm">
                    <matrix sid="matrix">-0.3109661 -0.06623694 -0.94811 -16.8945 0.1883566 0.9734868 -0.129788 -4.728966 0.9315696 -0.2189424 -0.2902453 -7.23489 0 0 0 1</matrix>
                    <node id="node-Character1_RightHand" name="Character1_RightHand">
                      <matrix sid="matrix">-0.2982922 -0.8403468 -0.4525911 1.931786 -0.8131217 -0.02459352 0.5815736 16.15697 -0.4998543 0.5414907 -0.6759684 5.430935 0 0 0 1</matrix>
                      <node id="node-Character1_RightHandThumb1" name="Character1_RightHandThumb1">
                        <matrix sid="matrix">-0.1562486 0.4967191 0.853731 -9.21554 0.7674024 0.6052156 -0.2116787 -1.899887 -0.6218363 0.6220807 -0.4757474 1.30983 0 0 0 1</matrix>
                        <node id="node-Character1_RightHandThumb2" name="Character1_RightHandThumb2">
                          <matrix sid="matrix">-0.5437853 0.7846246 -0.2977615 2.962708 -0.6631138 -0.6191826 -0.4205866 -2.539919 -0.5143714 -0.03125903 0.8569977 -4.660946 0 0 0 1</matrix>
                          <node id="node-Character1_RightHandThumb3" name="Character1_RightHandThumb3">
                            <matrix>0.08574349 0.513447 0.8538271 1.586716 0.3298396 -0.8232867 0.4619582 2.615215 0.9401354 0.242016 -0.2399465 -3.479172 0 0 0 1</matrix>
                            <extra>
                              <technique profile="OpenCOLLADA">
                                <cast_shadows>1</cast_shadows>
                                <primary_visibility>1</primary_visibility>
                                <receive_shadows>1</receive_shadows>
                                <secondary_visibility>1</secondary_visibility>
                              </technique>
                            </extra>
                          </node>
                          <extra>
                            <technique profile="OpenCOLLADA">
                              <cast_shadows>1</cast_shadows>
                              <primary_visibility>1</primary_visibility>
                              <receive_shadows>1</receive_shadows>
                              <secondary_visibility>1</secondary_visibility>
                            </technique>
                          </extra>
                        </node>
                        <extra>
                          <technique profile="OpenCOLLADA">
                            <cast_shadows>1</cast_shadows>
                            <primary_visibility>1</primary_visibility>
                            <receive_shadows>1</receive_shadows>
                            <secondary_visibility>1</secondary_visibility>
                          </technique>
                        </extra>
                      </node>
                      <node id="node-Character1_RightHandIndex1" name="Character1_RightHandIndex1">
                        <matrix sid="matrix">-0.150344 0.5971007 0.7879515 -10.6156 -0.1521478 0.7735415 -0.6152112 1.468838 -0.9768564 -0.2123784 -0.02544957 4.32666 0 0 0 1</matrix>
                        <node id="node-Character1_RightHandIndex2" name="Character1_RightHandIndex2">
                          <matrix sid="matrix">-0.2710942 0.7656518 -0.5833396 -0.1091766 -0.5419223 -0.6222646 -0.5648954 0.5408268 -0.7955049 0.1629848 0.583616 -6.686155 0 0 0 1</matrix>
                          <node id="node-Character1_RightHandIndex3" name="Character1_RightHandIndex3">
                            <matrix>0.08607139 0.5134619 0.853785 1.890404 0.3300534 -0.8232688 0.4618368 1.340096 0.94003 0.2420436 -0.2403298 -5.893101 0 0 0 1</matrix>
                            <extra>
                              <technique profile="OpenCOLLADA">
                                <cast_shadows>1</cast_shadows>
                                <primary_visibility>1</primary_visibility>
                                <receive_shadows>1</receive_shadows>
                                <secondary_visibility>1</secondary_visibility>
                              </technique>
                            </extra>
                          </node>
                          <extra>
                            <technique profile="OpenCOLLADA">
                              <cast_shadows>1</cast_shadows>
                              <primary_visibility>1</primary_visibility>
                              <receive_shadows>1</receive_shadows>
                              <secondary_visibility>1</secondary_visibility>
                            </technique>
                          </extra>
                        </node>
                        <extra>
                          <technique profile="OpenCOLLADA">
                            <cast_shadows>1</cast_shadows>
                            <primary_visibility>1</primary_visibility>
                            <receive_shadows>1</receive_shadows>
                            <secondary_visibility>1</secondary_visibility>
                          </technique>
                        </extra>
                      </node>
                      <node id="node-Character1_RightHandRing1" name="Character1_RightHandRing1">
                        <matrix sid="matrix">-0.006881252 0.6336364 0.7736006 -5.645002 -0.4406412 0.6925395 -0.5711609 7.0317 -0.8976572 -0.3448106 0.2744407 2.228546 0 0 0 1</matrix>
                        <node id="node-Character1_RightHandRing2" name="Character1_RightHandRing2">
                          <matrix sid="matrix">0.1013512 0.6018392 -0.79216 0.0462265 -0.4392634 -0.6873671 -0.578424 0.8951054 -0.8926231 0.4065907 0.1947002 -5.497793 0 0 0 1</matrix>
                          <node id="node-Character1_RightHandRing3" name="Character1_RightHandRing3">
                            <matrix>0.08574337 0.5134472 0.8538271 1.863863 0.3298396 -0.8232865 0.4619583 1.09869 0.9401353 0.2420161 -0.2399466 -5.281982 0 0 0 1</matrix>
                            <extra>
                              <technique profile="OpenCOLLADA">
                                <cast_shadows>1</cast_shadows>
                                <primary_visibility>1</primary_visibility>
                                <receive_shadows>1</receive_shadows>
                                <secondary_visibility>1</secondary_visibility>
                              </technique>
                            </extra>
                          </node>
                          <extra>
                            <technique profile="OpenCOLLADA">
                              <cast_shadows>1</cast_shadows>
                              <primary_visibility>1</primary_visibility>
                              <receive_shadows>1</receive_shadows>
                              <secondary_visibility>1</secondary_visibility>
                            </technique>
                          </extra>
                        </node>
                        <extra>
                          <technique profile="OpenCOLLADA">
                            <cast_shadows>1</cast_shadows>
                            <primary_visibility>1</primary_visibility>
                            <receive_shadows>1</receive_shadows>
                            <secondary_visibility>1</secondary_visibility>
                          </technique>
                        </extra>
                      </node>
                      <extra>
                        <technique profile="OpenCOLLADA">
                          <cast_shadows>1</cast_shadows>
                          <primary_visibility>1</primary_visibility>
                          <receive_shadows>1</receive_shadows>
                          <secondary_visibility>1</secondary_visibility>
                        </technique>
                      </extra>
                    </node>
                    <extra>
                      <technique profile="OpenCOLLADA">
                        <cast_shadows>1</cast_shadows>
                        <primary_visibility>1</primary_visibility>
                        <receive_shadows>1</receive_shadows>
                        <secondary_visibility>1</secondary_visibility>
                      </technique>
                    </extra>
                  </node>
                  <extra>
                    <technique profile="OpenCOLLADA">
                      <cast_shadows>1</cast_shadows>
                      <primary_visibility>1</primary_visibility>
                      <receive_shadows>1</receive_shadows>
                      <secondary_visibility>1</secondary_visibility>
                    </technique>
                  </extra>
                </node>
                <extra>
                  <technique profile="OpenCOLLADA">
                    <cast_shadows>1</cast_shadows>
                    <primary_visibility>1</primary_visibility>
                    <receive_shadows>1</receive_shadows>
                    <secondary_visibility>1</secondary_visibility>
                  </technique>
                </extra>
              </node>
              <node id="node-Character1_Neck" name="Character1_Neck">
                <matrix sid="matrix">-0.7117514 0.05765491 0.7000613 6.197118 0.2183662 0.9654059 0.1425048 -13.62121 -0.6676269 0.2542977 -0.6997191 7.144489 0 0 0 1</matrix>
                <node id="node-Character1_Head" name="Character1_Head">
                  <matrix sid="matrix">-0.505345 -0.7712049 -0.38713 -16.98557 0.8509926 -0.3710678 -0.3716461 -8.01313 0.1429639 -0.5172539 0.843807 -6.172493 0 0 0 1</matrix>
                  <node id="node-jaw" name="jaw">
                    <matrix sid="matrix">-5.96046e-8 -0.5246207 0.8513365 14.00442 -1.49012e-8 0.8513365 0.5246207 1.52588e-5 -1 5.96046e-8 -4.47035e-8 0 0 0 0 1</matrix>
                    <extra>
                      <technique profile="OpenCOLLADA">
                        <cast_shadows>1</cast_shadows>
                        <primary_visibility>1</primary_visibility>
                        <receive_shadows>1</receive_shadows>
                        <secondary_visibility>1</secondary_visibility>
                      </technique>
                    </extra>
                  </node>
                  <node id="node-eyes" name="eyes">
                    <matrix>-5.96046e-8 -0.4331468 0.9013237 -10.20708 -1.49012e-8 0.9013238 0.4331468 22.34257 -1 2.98023e-8 -4.47035e-8 3.8147e-6 0 0 0 1</matrix>
                    <extra>
                      <technique profile="OpenCOLLADA">
                        <cast_shadows>1</cast_shadows>
                        <primary_visibility>1</primary_visibility>
                        <receive_shadows>1</receive_shadows>
                        <secondary_visibility>1</secondary_visibility>
                      </technique>
                    </extra>
                  </node>
                  <extra>
                    <technique profile="OpenCOLLADA">
                      <cast_shadows>1</cast_shadows>
                      <primary_visibility>1</primary_visibility>
                      <receive_shadows>1</receive_shadows>
                      <secondary_visibility>1</secondary_visibility>
                    </technique>
                  </extra>
                </node>
                <extra>
                  <technique profile="OpenCOLLADA">
                    <cast_shadows>1</cast_shadows>
                    <primary_visibility>1</primary_visibility>
                    <receive_shadows>1</receive_shadows>
                    <secondary_visibility>1</secondary_visibility>
                  </technique>
                </extra>
              </node>
              <extra>
                <technique profile="OpenCOLLADA">
                  <cast_shadows>1</cast_shadows>
                  <primary_visibility>1</primary_visibility>
                  <receive_shadows>1</receive_shadows>
                  <secondary_visibility>1</secondary_visibility>
                </technique>
              </extra>
            </node>
            <extra>
              <technique profile="OpenCOLLADA">
                <cast_shadows>1</cast_shadows>
                <primary_visibility>1</primary_visibility>
                <receive_shadows>1</receive_shadows>
                <secondary_visibility>1</secondary_visibility>
              </technique>
            </extra>
          </node>
          <extra>
            <technique profile="OpenCOLLADA">
              <cast_shadows>1</cast_shadows>
              <primary_visibility>1</primary_visibility>
              <receive_shadows>1</receive_shadows>
              <secondary_visibility>1</secondary_visibility>
            </technique>
          </extra>
        </node>
        <extra>
          <technique profile="OpenCOLLADA">
            <cast_shadows>1</cast_shadows>
            <primary_visibility>1</primary_visibility>
            <receive_shadows>1</receive_shadows>
            <secondary_visibility>1</secondary_visibility>
          </technique>
        </extra>
      </node>
    </visual_scene>
  </library_visual_scenes>
  <library_animations>
    <animation>
      <source id="node-Character1_Hips_matrix-input">
        <float_array id="node-Character1_Hips_matrix-input-array" count="121">0 0.03333334 0.06666667 0.1 0.1333333 0.1666667 0.2 0.2333333 0.2666667 0.3 0.3333333 0.3666667 0.4 0.4333333 0.4666667 0.5 0.5333334 0.5666667 0.6 0.6333333 0.6666667 0.7 0.7333333 0.7666667 0.8 0.8333333 0.8666667 0.9 0.9333333 0.9666666 1 1.033333 1.066667 1.1 1.133333 1.166667 1.2 1.233333 1.266667 1.3 1.333333 1.366667 1.4 1.433333 1.466667 1.5 1.533333 1.566667 1.6 1.633333 1.666667 1.7 1.733333 1.766667 1.8 1.833333 1.866667 1.9 1.933333 1.966667 2 2.033333 2.066667 2.1 2.133333 2.166667 2.2 2.233333 2.266667 2.3 2.333333 2.366667 2.4 2.433333 2.466667 2.5 2.533333 2.566667 2.6 2.633333 2.666667 2.7 2.733333 2.766667 2.8 2.833333 2.866667 2.9 2.933333 2.966667 3 3.033333 3.066667 3.1 3.133333 3.166667 3.2 3.233333 3.266667 3.3 3.333333 3.366667 3.4 3.433333 3.466667 3.5 3.533333 3.566667 3.6 3.633333 3.666667 3.7 3.733333 3.766667 3.8 3.833333 3.866667 3.9 3.933333 3.966667 4</float_array>
        <technique_common>
          <accessor source="#node-Character1_Hips_matrix-input-array" count="121" stride="1">
            <param name="TIME" type="float"/>
          </accessor>
        </technique_common>
      </source>
      <source id="node-Character1_Hips_matrix-output">
