<?xml version="1.0" encoding="utf-8"?>
<COLLADA xmlns="http://www.collada.org/2005/11/COLLADASchema" version="1.4.1">
  <asset>
    <contributor>
      <author>eduardo</author>
      <authoring_tool>OpenCOLLADA for 3ds Max;  Version: 1.4.1;  Revision: exported;  Platform: x64;  Configuration: Release_Max2013_static</authoring_tool>
    </contributor>
    <created>2014-01-16T16:34:27</created>
    <modified>2014-01-16T16:34:27</modified>
    <unit name="centimeter" meter="0.01"/>
    <up_axis>Z_UP</up_axis>
  </asset>
  <library_lights>
    <light id="EnvironmentAmbientLight" name="EnvironmentAmbientLight">
      <technique_common>
        <ambient>
          <color>0 0 0</color>
        </ambient>
      </technique_common>
    </light>
  </library_lights>
  <library_visual_scenes>
    <visual_scene id="MaxScene">
      <node name="EnvironmentAmbientLight">
        <instance_light url="#EnvironmentAmbientLight"/>
      </node>
      <node id="node-Character1_Reference" name="Character1_Reference">
        <matrix>1 0 0 0 0 -4.37114e-8 -1 0 0 1 -4.37114e-8 0 0 0 0 1</matrix>
        <node id="node-Character1_Hips" name="Character1_Hips">
          <matrix sid="matrix">0.8779939 0.428165 0.2140117 -1.948962 -0.4529634 0.8877249 0.08226854 42.19366 -0.1547591 -0.1691708 0.9733604 -9.694855 0 0 0 1</matrix>
          <node id="node-Character1_LeftUpLeg" name="Character1_LeftUpLeg">
            <matrix sid="matrix">-0.4097537 -0.07750678 0.9088976 10.59648 0.8896654 0.1861281 0.4169555 3.315331 -0.2014882 0.9794638 -0.007311501 2.055821 0 0 0 1</matrix>
            <node id="node-Character1_LeftLeg" name="Character1_LeftLeg">
              <matrix sid="matrix">-0.6967239 -0.7100654 0.1018967 -21.53284 -0.6894926 0.6236925 -0.3682492 1.421983 0.1979288 -0.3268249 -0.9241266 5.866199 0 0 0 1</matrix>
              <node id="node-Character1_LeftFoot" name="Character1_LeftFoot">
                <matrix sid="matrix">-0.8535948 0.4445519 -0.2715679 18.3688 0.1547159 -0.2814437 -0.9470228 -4.717685 -0.4974319 -0.85039 0.1714596 1.383056 0 0 0 1</matrix>
                <node id="node-Character1_LeftToeBase" name="Character1_LeftToeBase">
                  <matrix>0.8043214 0.4261185 -0.4141135 2.381331 0.5813456 -0.4201856 0.6967651 4.389835 0.1228999 -0.8011664 -0.5856861 -9.228443 0 0 0 1</matrix>
                  <node id="node-Character1_LeftFootMiddle1" name="Character1_LeftFootMiddle1">
                    <matrix>0.5052075 -0.08569849 -0.8587321 4.197181 0.7530736 -0.4421981 0.4871764 3.756976 -0.4214802 -0.8928134 -0.1588646 1.405392 0 0 0 1</matrix>
                    <node id="node-Character1_LeftFootMiddle2" name="Character1_LeftFootMiddle2">
                      <matrix>0.8542729 -0.3808312 -0.3538161 2.876388 0.5185831 0.6713844 0.5294482 -2.160444 0.03591618 -0.635776 0.7710379 -1.313547 0 0 0 1</matrix>
                      <extra>
                        <technique profile="OpenCOLLADA">
                          <cast_shadows>1</cast_shadows>
                          <primary_visibility>1</primary_visibility>
                          <receive_shadows>1</receive_shadows>
                          <secondary_visibility>1</secondary_visibility>
                        </technique>
                      </extra>
                    </node>
                    <extra>
                      <technique profile="OpenCOLLADA">
                        <cast_shadows>1</cast_shadows>
                        <primary_visibility>1</primary_visibility>
                        <receive_shadows>1</receive_shadows>
                        <secondary_visibility>1</secondary_visibility>
                      </technique>
                    </extra>
                  </node>
                  <extra>
                    <technique profile="OpenCOLLADA">
                      <cast_shadows>1</cast_shadows>
                      <primary_visibility>1</primary_visibility>
                      <receive_shadows>1</receive_shadows>
                      <secondary_visibility>1</secondary_visibility>
                    </technique>
                  </extra>
                </node>
                <extra>
                  <technique profile="OpenCOLLADA">
                    <cast_shadows>1</cast_shadows>
                    <primary_visibility>1</primary_visibility>
                    <receive_shadows>1</receive_shadows>
                    <secondary_visibility>1</secondary_visibility>
                  </technique>
                </extra>
              </node>
              <extra>
                <technique profile="OpenCOLLADA">
                  <cast_shadows>1</cast_shadows>
                  <primary_visibility>1</primary_visibility>
                  <receive_shadows>1</receive_shadows>
                  <secondary_visibility>1</secondary_visibility>
                </technique>
              </extra>
            </node>
            <extra>
              <technique profile="OpenCOLLADA">
                <cast_shadows>1</cast_shadows>
                <primary_visibility>1</primary_visibility>
                <receive_shadows>1</receive_shadows>
                <secondary_visibility>1</secondary_visibility>
              </technique>
            </extra>
          </node>
          <node id="node-Character1_RightUpLeg" name="Character1_RightUpLeg">
            <matrix sid="matrix">-0.8788447 0.09158669 -0.4682354 -9.464947 -0.333086 -0.8204303 0.4647025 -5.110031 -0.3415939 0.564364 0.7515364 3.435943 0 0 0 1</matrix>
            <node id="node-Character1_RightLeg" name="Character1_RightLeg">
              <matrix sid="matrix">-0.4347942 -0.8322111 -0.3440621 2.310896 0.9003699 -0.3945359 -0.1835089 22.18159 0.01697332 -0.3895717 0.92084 -1.653605 0 0 0 1</matrix>
              <node id="node-Character1_RightFoot" name="Character1_RightFoot">
                <matrix sid="matrix">-0.5348443 -0.5232542 0.6634349 10.66814 0.7863325 -0.02088393 0.6174501 1.366096 -0.3092283 0.8519203 0.4226216 -15.68142 0 0 0 1</matrix>
                <node id="node-Character1_RightToeBase" name="Character1_RightToeBase">
                  <matrix>-0.06481625 -0.9132225 0.4022741 -8.103172 -0.9926359 0.01766172 -0.1198434 -4.750935 0.1023388 -0.4070794 -0.907642 4.676836 0 0 0 1</matrix>
                  <node id="node-Character1_RightFootMiddle1" name="Character1_RightFootMiddle1">
                    <matrix>-0.3516934 -0.6548339 0.6689572 -0.3178998 -0.4636034 0.7426594 0.4832478 3.693726 -0.8132547 -0.1401759 -0.5647717 -4.467851 0 0 0 1</matrix>
                    <node id="node-Character1_RightFootMiddle2" name="Character1_RightFootMiddle2">
                      <matrix>0.9752086 -0.06614622 -0.2111701 1.344906 0.1195544 -0.645529 0.7543204 2.357925 -0.1862118 -0.7608659 -0.6216175 2.701475 0 0 0 1</matrix>
                      <extra>
                        <technique profile="OpenCOLLADA">
                          <cast_shadows>1</cast_shadows>
                          <primary_visibility>1</primary_visibility>
                          <receive_shadows>1</receive_shadows>
                          <secondary_visibility>1</secondary_visibility>
                        </technique>
                      </extra>
                    </node>
                    <extra>
                      <technique profile="OpenCOLLADA">
                        <cast_shadows>1</cast_shadows>
                        <primary_visibility>1</primary_visibility>
                        <receive_shadows>1</receive_shadows>
                        <secondary_visibility>1</secondary_visibility>
                      </technique>
                    </extra>
                  </node>
                  <extra>
                    <technique profile="OpenCOLLADA">
                      <cast_shadows>1</cast_shadows>
                      <primary_visibility>1</primary_visibility>
                      <receive_shadows>1</receive_shadows>
                      <secondary_visibility>1</secondary_visibility>
                    </technique>
                  </extra>
                </node>
                <extra>
                  <technique profile="OpenCOLLADA">
                    <cast_shadows>1</cast_shadows>
                    <primary_visibility>1</primary_visibility>
                    <receive_shadows>1</receive_shadows>
                    <secondary_visibility>1</secondary_visibility>
                  </technique>
                </extra>
              </node>
              <extra>
                <technique profile="OpenCOLLADA">
                  <cast_shadows>1</cast_shadows>
                  <primary_visibility>1</primary_visibility>
                  <receive_shadows>1</receive_shadows>
                  <secondary_visibility>1</secondary_visibility>
                </technique>
              </extra>
            </node>
            <extra>
              <technique profile="OpenCOLLADA">
                <cast_shadows>1</cast_shadows>
                <primary_visibility>1</primary_visibility>
                <receive_shadows>1</receive_shadows>
                <secondary_visibility>1</secondary_visibility>
              </technique>
            </extra>
          </node>
          <node id="node-Character1_Spine" name="Character1_Spine">
            <matrix sid="matrix">-0.8017607 0.576649 0.1570238 -5.917448 -0.5738 -0.8162026 0.06758308 13.89432 0.1671348 -0.0359148 0.9852796 -1.193891 0 0 0 1</matrix>
            <node id="node-Character1_Spine1" name="Character1_Spine1">
              <matrix sid="matrix">0.9883466 0.07973661 -0.1296653 -1.251562 -0.07915396 0.9968156 0.009649232 -15.81805 0.1300219 7.26737e-4 0.9915108 4.571673 0 0 0 1</matrix>
              <node id="node-Character1_LeftShoulder" name="Character1_LeftShoulder">
                <matrix sid="matrix">0.4823246 0.7175691 -0.5024512 0.4913483 0.0778329 -0.606415 -0.7913298 -8.202805 -0.8725282 0.3425701 -0.3483396 10.91043 0 0 0 1</matrix>
                <node id="node-Character1_LeftArm" name="Character1_LeftArm">
                  <matrix sid="matrix">-0.6140732 0.0445715 -0.7879893 -10.39077 -0.6392564 0.5574673 0.5296993 -5.880531 0.4628873 0.8290022 -0.3138329 2.811638 0 0 0 1</matrix>
                  <node id="node-Character1_LeftForeArm" name="Character1_LeftForeArm">
                    <matrix sid="matrix">0.9803739 0.1272111 0.1506148 8.938719 0.0260182 0.6737999 -0.7384559 -14.27302 -0.1954241 0.7278814 0.6572659 -8.747076 0 0 0 1</matrix>
                    <node id="node-Character1_LeftHand" name="Character1_LeftHand">
                      <matrix sid="matrix">-0.8446062 0.3458062 -0.4087281 -0.9512539 0.4509515 0.8709988 -0.1949452 -11.29952 0.2885885 -0.3489684 -0.8915929 12.87209 0 0 0 1</matrix>
                      <node id="node-Character1_LeftHandThumb1" name="Character1_LeftHandThumb1">
                        <matrix>0.4153865 0.6414505 -0.6449765 6.104172 0.3978758 -0.76574 -0.5053086 -6.749104 -0.818015 -0.04672217 -0.573296 -2.727648 0 0 0 1</matrix>
                        <node id="node-Character1_LeftHandThumb2" name="Character1_LeftHandThumb2">
                          <matrix>0.2731048 -0.9115125 -0.3075053 -3.359482 0.9595347 0.280915 0.01949921 3.819332 0.06860912 -0.3003873 0.9513468 3.328648 0 0 0 1</matrix>
                          <node id="node-Character1_LeftHandThumb3" name="Character1_LeftHandThumb3">
                            <matrix>0.4830689 0.6298074 -0.6082655 1.173338 0.7557597 0.05086407 0.6528704 -0.3482342 0.4421218 -0.7750839 -0.4514124 4.468079 0 0 0 1</matrix>
                            <extra>
                              <technique profile="OpenCOLLADA">
                                <cast_shadows>1</cast_shadows>
                                <primary_visibility>1</primary_visibility>
                                <receive_shadows>1</receive_shadows>
                                <secondary_visibility>1</secondary_visibility>
                              </technique>
                            </extra>
                          </node>
                          <extra>
                            <technique profile="OpenCOLLADA">
                              <cast_shadows>1</cast_shadows>
                              <primary_visibility>1</primary_visibility>
                              <receive_shadows>1</receive_shadows>
                              <secondary_visibility>1</secondary_visibility>
                            </technique>
                          </extra>
                        </node>
                        <extra>
                          <technique profile="OpenCOLLADA">
                            <cast_shadows>1</cast_shadows>
                            <primary_visibility>1</primary_visibility>
                            <receive_shadows>1</receive_shadows>
                            <secondary_visibility>1</secondary_visibility>
                          </technique>
                        </extra>
                      </node>
                      <node id="node-Character1_LeftHandIndex1" name="Character1_LeftHandIndex1">
                        <matrix>0.7490408 0.4702325 -0.466711 3.43367 0.54641 -0.8368354 0.03380314 -9.658257 -0.3746649 -0.2803355 -0.8837638 -5.338186 0 0 0 1</matrix>
                        <node id="node-Character1_LeftHandIndex2" name="Character1_LeftHandIndex2">
                          <matrix>-0.1238187 0.2066869 0.9705411 -5.584654 0.6270971 0.7743017 -0.08489233 3.700153 -0.7690374 0.5981122 -0.2254857 0.3599339 0 0 0 1</matrix>
                          <node id="node-Character1_LeftHandIndex3" name="Character1_LeftHandIndex3">
                            <matrix>-0.4363899 -0.8560851 0.2769147 3.231503 -0.2228576 -0.1953345 -0.9550805 -5.162518 0.8717213 -0.4785001 -0.1055431 1.733154 0 0 0 1</matrix>
                            <extra>
                              <technique profile="OpenCOLLADA">
                                <cast_shadows>1</cast_shadows>
                                <primary_visibility>1</primary_visibility>
                                <receive_shadows>1</receive_shadows>
                                <secondary_visibility>1</secondary_visibility>
                              </technique>
                            </extra>
                          </node>
                          <extra>
                            <technique profile="OpenCOLLADA">
                              <cast_shadows>1</cast_shadows>
                              <primary_visibility>1</primary_visibility>
                              <receive_shadows>1</receive_shadows>
                              <secondary_visibility>1</secondary_visibility>
                            </technique>
                          </extra>
                        </node>
                        <extra>
                          <technique profile="OpenCOLLADA">
                            <cast_shadows>1</cast_shadows>
                            <primary_visibility>1</primary_visibility>
                            <receive_shadows>1</receive_shadows>
                            <secondary_visibility>1</secondary_visibility>
                          </technique>
                        </extra>
                      </node>
                      <node id="node-Character1_LeftHandRing1" name="Character1_LeftHandRing1">
                        <matrix>-0.6171402 0.588775 0.5219975 -3.35862 -0.7849051 -0.5072904 -0.3557808 -8.470642 0.05532944 -0.6292855 0.7752022 -1.801425 0 0 0 1</matrix>
                        <node id="node-Character1_LeftHandRing2" name="Character1_LeftHandRing2">
                          <matrix>0.7422645 0.6327425 -0.2206382 4.736027 0.3769169 -0.6664587 -0.6432474 2.817217 -0.5540561 0.3942972 -0.7331795 0.8139095 0 0 0 1</matrix>
                          <node id="node-Character1_LeftHandRing3" name="Character1_LeftHandRing3">
                            <matrix>0.5030928 0.805017 0.3143958 -4.465999 -0.8520057 0.5229678 0.02429974 2.926252 -0.1448573 -0.280092 0.9489807 -2.018021 0 0 0 1</matrix>
                            <extra>
                              <technique profile="OpenCOLLADA">
                                <cast_shadows>1</cast_shadows>
                                <primary_visibility>1</primary_visibility>
                                <receive_shadows>1</receive_shadows>
                                <secondary_visibility>1</secondary_visibility>
                              </technique>
                            </extra>
                          </node>
                          <extra>
                            <technique profile="OpenCOLLADA">
                              <cast_shadows>1</cast_shadows>
                              <primary_visibility>1</primary_visibility>
                              <receive_shadows>1</receive_shadows>
                              <secondary_visibility>1</secondary_visibility>
                            </technique>
                          </extra>
                        </node>
                        <extra>
                          <technique profile="OpenCOLLADA">
                            <cast_shadows>1</cast_shadows>
                            <primary_visibility>1</primary_visibility>
                            <receive_shadows>1</receive_shadows>
                            <secondary_visibility>1</secondary_visibility>
                          </technique>
                        </extra>
                      </node>
                      <extra>
                        <technique profile="OpenCOLLADA">
                          <cast_shadows>1</cast_shadows>
                          <primary_visibility>1</primary_visibility>
                          <receive_shadows>1</receive_shadows>
                          <secondary_visibility>1</secondary_visibility>
                        </technique>
                      </extra>
                    </node>
                    <extra>
                      <technique profile="OpenCOLLADA">
                        <cast_shadows>1</cast_shadows>
                        <primary_visibility>1</primary_visibility>
                        <receive_shadows>1</receive_shadows>
                        <secondary_visibility>1</secondary_visibility>
                      </technique>
                    </extra>
                  </node>
                  <extra>
                    <technique profile="OpenCOLLADA">
                      <cast_shadows>1</cast_shadows>
                      <primary_visibility>1</primary_visibility>
                      <receive_shadows>1</receive_shadows>
                      <secondary_visibility>1</secondary_visibility>
                    </technique>
                  </extra>
                </node>
                <extra>
                  <technique profile="OpenCOLLADA">
                    <cast_shadows>1</cast_shadows>
                    <primary_visibility>1</primary_visibility>
                    <receive_shadows>1</receive_shadows>
                    <secondary_visibility>1</secondary_visibility>
                  </technique>
                </extra>
              </node>
              <node id="node-Character1_RightShoulder" name="Character1_RightShoulder">
                <matrix sid="matrix">-0.4006341 -0.7148352 -0.5731519 10.15163 -0.1133645 0.6594159 -0.7431819 -9.10173 0.9091977 -0.2327689 -0.3452215 0.8173113 0 0 0 1</matrix>
                <node id="node-Character1_RightArm" name="Character1_RightArm">
                  <matrix sid="matrix">0.1958194 0.669138 0.7168747 -10.05987 -0.7857851 -0.3302814 0.5229306 -6.863834 0.586683 -0.6657094 0.461123 -1.463173 0 0 0 1</matrix>
                  <node id="node-Character1_RightForeArm" name="Character1_RightForeArm">
                    <matrix sid="matrix">0.3618124 -0.3472176 -0.8651773 -16.89449 0.8516603 0.5005659 0.1552698 -4.728968 0.3791659 -0.7930156 0.4768225 -7.234891 0 0 0 1</matrix>
                    <node id="node-Character1_RightHand" name="Character1_RightHand">
                      <matrix sid="matrix">-0.2660132 -0.842512 -0.4684125 1.931786 -0.8788663 0.01234469 0.476908 16.15697 -0.3960184 0.538536 -0.7437395 5.430939 0 0 0 1</matrix>
                      <node id="node-Character1_RightHandThumb1" name="Character1_RightHandThumb1">
                        <matrix>0.2150132 0.3153395 0.9243002 -9.215544 0.9066095 0.2874144 -0.3089537 -1.899899 -0.3630826 0.9044083 -0.2240918 1.30983 0 0 0 1</matrix>
                        <node id="node-Character1_RightHandThumb2" name="Character1_RightHandThumb2">
                          <matrix>-0.5437853 0.7846246 -0.2977615 2.962708 -0.6631139 -0.6191826 -0.4205866 -2.539921 -0.5143715 -0.031259 0.8569976 -4.66095 0 0 0 1</matrix>
                          <node id="node-Character1_RightHandThumb3" name="Character1_RightHandThumb3">
                            <matrix>0.08574343 0.513447 0.8538271 1.586712 0.3298396 -0.8232867 0.4619583 2.615223 0.9401354 0.242016 -0.2399466 -3.479172 0 0 0 1</matrix>
                            <extra>
                              <technique profile="OpenCOLLADA">
                                <cast_shadows>1</cast_shadows>
                                <primary_visibility>1</primary_visibility>
                                <receive_shadows>1</receive_shadows>
                                <secondary_visibility>1</secondary_visibility>
                              </technique>
                            </extra>
                          </node>
                          <extra>
                            <technique profile="OpenCOLLADA">
                              <cast_shadows>1</cast_shadows>
                              <primary_visibility>1</primary_visibility>
                              <receive_shadows>1</receive_shadows>
                              <secondary_visibility>1</secondary_visibility>
                            </technique>
                          </extra>
                        </node>
                        <extra>
                          <technique profile="OpenCOLLADA">
                            <cast_shadows>1</cast_shadows>
                            <primary_visibility>1</primary_visibility>
                            <receive_shadows>1</receive_shadows>
                            <secondary_visibility>1</secondary_visibility>
                          </technique>
                        </extra>
                      </node>
                      <node id="node-Character1_RightHandIndex1" name="Character1_RightHandIndex1">
                        <matrix>-0.01635522 0.6970494 0.7168368 -10.6156 -0.3593477 0.6649331 -0.6547773 1.468832 -0.9330609 -0.2683026 0.2396079 4.326653 0 0 0 1</matrix>
                        <node id="node-Character1_RightHandIndex2" name="Character1_RightHandIndex2">
                          <matrix>0.4896653 0.3284411 -0.8076845 -0.1091805 -0.3562875 -0.7700977 -0.5291587 0.5408268 -0.7957935 0.5468786 -0.2600706 -6.686153 0 0 0 1</matrix>
                          <node id="node-Character1_RightHandIndex3" name="Character1_RightHandIndex3">
                            <matrix>0.08607138 0.5134618 0.8537848 1.8904 0.3300533 -0.8232687 0.4618367 1.340101 0.9400299 0.2420435 -0.2403297 -5.893093 0 0 0 1</matrix>
                            <extra>
                              <technique profile="OpenCOLLADA">
                                <cast_shadows>1</cast_shadows>
                                <primary_visibility>1</primary_visibility>
                                <receive_shadows>1</receive_shadows>
                                <secondary_visibility>1</secondary_visibility>
                              </technique>
                            </extra>
                          </node>
                          <extra>
                            <technique profile="OpenCOLLADA">
                              <cast_shadows>1</cast_shadows>
                              <primary_visibility>1</primary_visibility>
                              <receive_shadows>1</receive_shadows>
                              <secondary_visibility>1</secondary_visibility>
                            </technique>
                          </extra>
                        </node>
                        <extra>
                          <technique profile="OpenCOLLADA">
                            <cast_shadows>1</cast_shadows>
                            <primary_visibility>1</primary_visibility>
                            <receive_shadows>1</receive_shadows>
                            <secondary_visibility>1</secondary_visibility>
                          </technique>
                        </extra>
                      </node>
                      <node id="node-Character1_RightHandRing1" name="Character1_RightHandRing1">
                        <matrix>-0.08693315 0.416114 0.9051476 -5.645006 -0.1133217 0.8985593 -0.423969 7.031696 -0.9897482 -0.1394297 -0.03095987 2.228542 0 0 0 1</matrix>
                        <node id="node-Character1_RightHandRing2" name="Character1_RightHandRing2">
                          <matrix>0.8471385 -0.0406657 -0.529814 0.04622269 -0.3016239 -0.8576684 -0.4164469 0.8951054 -0.4374697 0.5125926 -0.7388296 -5.497799 0 0 0 1</matrix>
                          <node id="node-Character1_RightHandRing3" name="Character1_RightHandRing3">
                            <matrix>0.08574338 0.5134472 0.8538271 1.863861 0.3298396 -0.8232867 0.4619583 1.098694 0.9401354 0.242016 -0.2399466 -5.281994 0 0 0 1</matrix>
                            <extra>
                              <technique profile="OpenCOLLADA">
                                <cast_shadows>1</cast_shadows>
                                <primary_visibility>1</primary_visibility>
                                <receive_shadows>1</receive_shadows>
                                <secondary_visibility>1</secondary_visibility>
                              </technique>
                            </extra>
                          </node>
                          <extra>
                            <technique profile="OpenCOLLADA">
                              <cast_shadows>1</cast_shadows>
                              <primary_visibility>1</primary_visibility>
                              <receive_shadows>1</receive_shadows>
                              <secondary_visibility>1</secondary_visibility>
                            </technique>
                          </extra>
                        </node>
                        <extra>
                          <technique profile="OpenCOLLADA">
                            <cast_shadows>1</cast_shadows>
                            <primary_visibility>1</primary_visibility>
                            <receive_shadows>1</receive_shadows>
                            <secondary_visibility>1</secondary_visibility>
                          </technique>
                        </extra>
                      </node>
                      <extra>
                        <technique profile="OpenCOLLADA">
                          <cast_shadows>1</cast_shadows>
                          <primary_visibility>1</primary_visibility>
                          <receive_shadows>1</receive_shadows>
                          <secondary_visibility>1</secondary_visibility>
                        </technique>
                      </extra>
                    </node>
                    <extra>
                      <technique profile="OpenCOLLADA">
                        <cast_shadows>1</cast_shadows>
                        <primary_visibility>1</primary_visibility>
                        <receive_shadows>1</receive_shadows>
                        <secondary_visibility>1</secondary_visibility>
                      </technique>
                    </extra>
                  </node>
                  <extra>
                    <technique profile="OpenCOLLADA">
                      <cast_shadows>1</cast_shadows>
                      <primary_visibility>1</primary_visibility>
                      <receive_shadows>1</receive_shadows>
                      <secondary_visibility>1</secondary_visibility>
                    </technique>
                  </extra>
                </node>
                <extra>
                  <technique profile="OpenCOLLADA">
                    <cast_shadows>1</cast_shadows>
                    <primary_visibility>1</primary_visibility>
                    <receive_shadows>1</receive_shadows>
                    <secondary_visibility>1</secondary_visibility>
                  </technique>
                </extra>
              </node>
              <node id="node-Character1_Neck" name="Character1_Neck">
                <matrix sid="matrix">-0.7841706 -0.0594926 0.6176867 6.197117 0.1386494 0.9534322 0.2678494 -13.62122 -0.6048573 0.2956816 -0.7394052 7.14449 0 0 0 1</matrix>
                <node id="node-Character1_Head" name="Character1_Head">
                  <matrix sid="matrix">-0.4415858 -0.8360518 -0.3256059 -16.98557 0.8924369 -0.3718686 -0.2554805 -8.013115 0.09251229 -0.4033991 0.9103355 -6.172491 0 0 0 1</matrix>
                  <node id="node-jaw" name="jaw">
                    <matrix sid="matrix">0.06393118 -0.5304832 0.8452814 14.00442 -0.03335155 0.8454052 0.5330835 1.52588e-5 -0.9973969 -0.06227209 0.03635531 -7.15256e-7 0 0 0 1</matrix>
                    <extra>
                      <technique profile="OpenCOLLADA">
                        <cast_shadows>1</cast_shadows>
                        <primary_visibility>1</primary_visibility>
                        <receive_shadows>1</receive_shadows>
                        <secondary_visibility>1</secondary_visibility>
                      </technique>
                    </extra>
                  </node>
                  <node id="node-eyes" name="eyes">
                    <matrix sid="matrix">-3.72529e-8 -0.4331467 0.9013236 -10.20707 -1.49012e-8 0.9013236 0.4331467 22.34255 -1 1.67638e-8 -3.72529e-8 -2.38419e-7 0 0 0 1</matrix>
                    <extra>
                      <technique profile="OpenCOLLADA">
                        <cast_shadows>1</cast_shadows>
                        <primary_visibility>1</primary_visibility>
                        <receive_shadows>1</receive_shadows>
                        <secondary_visibility>1</secondary_visibility>
                      </technique>
                    </extra>
                  </node>
                  <extra>
                    <technique profile="OpenCOLLADA">
                      <cast_shadows>1</cast_shadows>
                      <primary_visibility>1</primary_visibility>
                      <receive_shadows>1</receive_shadows>
                      <secondary_visibility>1</secondary_visibility>
                    </technique>
                  </extra>
                </node>
                <extra>
                  <technique profile="OpenCOLLADA">
                    <cast_shadows>1</cast_shadows>
                    <primary_visibility>1</primary_visibility>
                    <receive_shadows>1</receive_shadows>
                    <secondary_visibility>1</secondary_visibility>
                  </technique>
                </extra>
              </node>
              <extra>
                <technique profile="OpenCOLLADA">
                  <cast_shadows>1</cast_shadows>
                  <primary_visibility>1</primary_visibility>
                  <receive_shadows>1</receive_shadows>
                  <secondary_visibility>1</secondary_visibility>
                </technique>
              </extra>
            </node>
            <extra>
              <technique profile="OpenCOLLADA">
                <cast_shadows>1</cast_shadows>
                <primary_visibility>1</primary_visibility>
                <receive_shadows>1</receive_shadows>
                <secondary_visibility>1</secondary_visibility>
              </technique>
            </extra>
          </node>
          <extra>
            <technique profile="OpenCOLLADA">
              <cast_shadows>1</cast_shadows>
              <primary_visibility>1</primary_visibility>
              <receive_shadows>1</receive_shadows>
              <secondary_visibility>1</secondary_visibility>
            </technique>
          </extra>
        </node>
        <extra>
          <technique profile="OpenCOLLADA">
            <cast_shadows>1</cast_shadows>
            <primary_visibility>1</primary_visibility>
            <receive_shadows>1</receive_shadows>
            <secondary_visibility>1</secondary_visibility>
          </technique>
        </extra>
      </node>
    </visual_scene>
  </library_visual_scenes>
  <library_animations>
    <animation>
      <source id="node-Character1_Hips_matrix-input">
        <float_array id="node-Character1_Hips_matrix-input-array" count="71">0 0.03333334 0.06666667 0.1 0.1333333 0.1666667 0.2 0.2333333 0.2666667 0.3 0.3333333 0.3666667 0.4 0.4333333 0.4666667 0.5 0.5333334 0.5666667 0.6 0.6333333 0.6666667 0.7 0.7333333 0.7666667 0.8 0.8333333 0.8666667 0.9 0.9333333 0.9666666 1 1.033333 1.066667 1.1 1.133333 1.166667 1.2 1.233333 1.266667 1.3 1.333333 1.366667 1.4 1.433333 1.466667 1.5 1.533333 1.566667 1.6 1.633333 1.666667 1.7 1.733333 1.766667 1.8 1.833333 1.866667 1.9 1.933333 1.966667 2 2.033333 2.066667 2.1 2.133333 2.166667 2.2 2.233333 2.266667 2.3 2.333333</float_array>
        <technique_common>
          <accessor source="#node-Character1_Hips_matrix-input-array" count="71" stride="1">
            <param name="TIME" type="float"/>
          </accessor>
        </technique_common>
      </source>
      <source id="node-Character1_Hips_matrix-output">
